0, 21.0, 12.0, 55.0, 81.0
1, 0.0, -4.0, 61.0, 76.0
2, -85.0, 22.0, 63.0, 69.0
3, 58.0, -3.0, 52.0, 87.0
4, -22.0, 3.0, 64.0, 53.0
5, 37.0, -7.0, 62.0, 65.0
6, -101.0, 19.0, 65.0, 76.0
7, -27.0, -1.0, 64.0, 61.0
8, -31.0, 0.0, 67.0, 75.0
9, -140.0, 9.0, 68.0, 69.0
10, 128.0, 0.0, 63.0, 61.0
11, -159.0, -8.0, 79.0, 74.0
12, 16.0, 6.0, 60.0, 58.0
13, -56.0, 11.0, 85.0, 57.0
14, -75.0, 19.0, 72.0, 86.0
15, 69.0, -1.0, 65.0, 86.0
16, 118.0, 27.0, 67.0, 81.0
17, -107.0, -12.0, 69.0, 69.0
18, 16.0, 4.0, 60.0, 73.0
19, -39.0, -5.0, 72.0, 78.0
20, 22.0, 7.0, 72.0, 95.0
21, 110.0, 0.0, 62.0, 90.0
22, 171.0, 11.0, 83.0, 74.0
23, -149.0, 13.0, 58.0, 58.0
24, -137.0, 5.0, 70.0, 84.0
25, -54.0, 2.0, 79.0, 88.0
26, -50.0, 0.0, 59.0, 69.0
27, 87.0, 20.0, 53.0, 87.0
28, 19.0, -8.0, 60.0, 80.0
29, -120.0, 5.0, 59.0, 71.0
30, 126.0, 4.0, 65.0, 94.0
31, -78.0, -15.0, 59.0, 64.0
32, -98.0, -3.0, 58.0, 70.0
33, -107.0, -7.0, 85.0, 69.0
34, 79.0, 3.0, 57.0, 91.0
35, 194.0, 8.0, 67.0, 72.0
36, -150.0, -6.0, 54.0, 66.0
37, 7.0, 11.0, 50.0, 80.0
38, 56.0, -2.0, 71.0, 85.0
39, 24.0, 5.0, 53.0, 92.0
40, -94.0, 3.0, 46.0, 77.0
41, 18.0, 15.0, 65.0, 68.0
42, -85.0, 9.0, 67.0, 87.0
43, 100.0, 0.0, 70.0, 78.0
44, 112.0, 8.0, 75.0, 63.0
45, 109.0, 11.0, 56.0, 72.0
46, 81.0, 18.0, 88.0, 73.0
47, 140.0, 13.0, 75.0, 69.0
48, -31.0, 2.0, 50.0, 72.0
49, 12.0, 13.0, 75.0, 75.0
50, 118.0, -12.0, 52.0, 68.0
51, 17.0, -10.0, 53.0, 87.0
52, -217.0, 1.0, 68.0, 72.0
53, 188.0, 2.0, 52.0, 88.0
54, 48.0, -2.0, 59.0, 79.0
55, 99.0, -13.0, 62.0, 74.0
56, -27.0, 0.0, 77.0, 68.0
57, 268.0, -19.0, 76.0, 83.0
58, 22.0, -17.0, 71.0, 71.0
59, -84.0, 2.0, 83.0, 71.0
60, -38.0, 19.0, 57.0, 60.0
61, -57.0, -7.0, 73.0, 78.0
62, -144.0, 14.0, 73.0, 74.0
63, 124.0, 11.0, 76.0, 82.0
64, 21.0, 0.0, 53.0, 74.0
65, 138.0, 7.0, 47.0, 84.0
66, 66.0, 4.0, 80.0, 52.0
67, -210.0, 6.0, 62.0, 74.0
68, 132.0, 0.0, 66.0, 70.0
69, 61.0, -2.0, 63.0, 88.0
70, 219.0, -8.0, 74.0, 102.0
71, 151.0, 1.0, 40.0, 77.0
72, -47.0, -9.0, 90.0, 79.0
73, 135.0, 4.0, 105.0, 81.0
74, 37.0, 5.0, 68.0, 74.0
75, -117.0, 15.0, 66.0, 67.0
76, 30.0, -4.0, 64.0, 66.0
77, 167.0, 1.0, 55.0, 47.0
78, 4.0, 18.0, 96.0, 75.0
79, 43.0, 6.0, 79.0, 78.0
80, -27.0, -2.0, 76.0, 55.0
81, -80.0, 12.0, 77.0, 71.0
82, 126.0, 7.0, 54.0, 61.0
83, 88.0, 17.0, 63.0, 73.0
84, 13.0, 16.0, 62.0, 70.0
85, 272.0, 6.0, 68.0, 77.0
86, 13.0, 3.0, 53.0, 63.0
87, -13.0, 12.0, 78.0, 57.0
88, -47.0, 13.0, 82.0, 62.0
89, -302.0, 6.0, 62.0, 82.0
90, -90.0, 2.0, 66.0, 80.0
91, -11.0, 0.0, 58.0, 55.0
92, -133.0, -9.0, 80.0, 87.0
93, 24.0, -6.0, 73.0, 93.0
94, -85.0, -13.0, 92.0, 73.0
95, 121.0, 9.0, 74.0, 81.0
96, -158.0, 4.0, 70.0, 72.0
97, -78.0, -1.0, 50.0, 88.0
98, -22.0, -1.0, 76.0, 55.0
99, 9.0, 24.0, 74.0, 65.0
100, -51.0, -5.0, 60.0, 65.0
101, -33.0, 18.0, 89.0, 80.0
102, -42.0, -7.0, 73.0, 50.0
103, -26.0, -8.0, 62.0, 76.0
104, 73.0, 0.0, 65.0, 82.0
105, -177.0, 28.0, 50.0, 83.0
106, 292.0, 15.0, 66.0, 65.0
107, 106.0, 12.0, 57.0, 70.0
108, -74.0, -6.0, 62.0, 70.0
109, 81.0, 5.0, 58.0, 66.0
110, 47.0, 8.0, 69.0, 69.0
111, -90.0, 0.0, 56.0, 45.0
112, 13.0, 9.0, 85.0, 75.0
113, 39.0, -1.0, 82.0, 73.0
114, 32.0, 18.0, 33.0, 60.0
115, 19.0, -11.0, 76.0, 49.0
116, 91.0, -9.0, 70.0, 74.0
117, 3.0, 13.0, 60.0, 82.0
118, -128.0, 0.0, 59.0, 70.0
119, 71.0, -13.0, 78.0, 84.0
120, 152.0, 2.0, 50.0, 65.0
121, 61.0, 16.0, 76.0, 71.0
122, 102.0, -24.0, 66.0, 72.0
123, 179.0, 9.0, 60.0, 67.0
124, 121.0, 3.0, 65.0, 87.0
125, 53.0, 7.0, 65.0, 50.0
126, 83.0, 9.0, 61.0, 60.0
127, -82.0, 3.0, 68.0, 101.0
128, -43.0, -10.0, 66.0, 78.0
129, -105.0, 5.0, 68.0, 93.0
130, 123.0, 6.0, 52.0, 70.0
131, -79.0, 2.0, 65.0, 82.0
132, -11.0, 10.0, 81.0, 92.0
133, 106.0, -16.0, 67.0, 75.0
134, -26.0, 1.0, 90.0, 75.0
135, 8.0, 10.0, 79.0, 78.0
136, -186.0, -2.0, 71.0, 86.0
137, -143.0, 29.0, 68.0, 82.0
138, -43.0, 3.0, 81.0, 78.0
139, -150.0, -8.0, 75.0, 60.0
140, -140.0, 12.0, 62.0, 53.0
141, 21.0, 6.0, 54.0, 67.0
142, 96.0, 16.0, 62.0, 90.0
143, 97.0, 4.0, 63.0, 84.0
144, -81.0, 23.0, 48.0, 70.0
145, 73.0, 4.0, 53.0, 77.0
146, -61.0, -4.0, 85.0, 67.0
147, 243.0, 3.0, 69.0, 81.0
148, 223.0, 12.0, 92.0, 84.0
149, 49.0, 3.0, 57.0, 74.0
150, 190.0, 3.0, 67.0, 73.0
151, 110.0, 7.0, 71.0, 71.0
152, 145.0, -5.0, 69.0, 74.0
153, 94.0, -24.0, 65.0, 73.0
154, -4.0, 2.0, 61.0, 75.0
155, 15.0, 14.0, 56.0, 72.0
156, 30.0, 14.0, 74.0, 78.0
157, -48.0, 6.0, 57.0, 96.0
158, 48.0, -7.0, 71.0, 53.0
159, -85.0, -18.0, 58.0, 74.0
160, -194.0, 7.0, 79.0, 81.0
161, -163.0, 0.0, 62.0, 51.0
162, -107.0, 5.0, 53.0, 57.0
163, 127.0, 12.0, 55.0, 74.0
164, 188.0, -9.0, 79.0, 69.0
165, 114.0, -13.0, 69.0, 73.0
166, -279.0, 31.0, 69.0, 52.0
167, 0.0, 7.0, 72.0, 81.0
168, -104.0, 21.0, 89.0, 86.0
169, 81.0, -8.0, 75.0, 80.0
170, -40.0, 9.0, 60.0, 84.0
171, -34.0, -14.0, 54.0, 64.0
172, -127.0, 1.0, 62.0, 73.0
173, 98.0, 19.0, 80.0, 62.0
174, -8.0, 0.0, 81.0, 80.0
175, 100.0, 6.0, 58.0, 77.0
176, -13.0, 8.0, 53.0, 71.0
177, 5.0, 4.0, 85.0, 67.0
178, 74.0, -4.0, 56.0, 70.0
179, -11.0, 3.0, 78.0, 69.0
180, 73.0, 34.0, 77.0, 61.0
181, 211.0, 23.0, 76.0, 65.0
182, -28.0, 3.0, 73.0, 68.0
183, -30.0, 22.0, 54.0, 73.0
184, -183.0, -4.0, 69.0, 63.0
185, -167.0, -7.0, 60.0, 69.0
186, -78.0, -1.0, 80.0, 62.0
187, -52.0, 12.0, 72.0, 58.0
188, -100.0, 6.0, 79.0, 66.0
189, -36.0, -13.0, 62.0, 77.0
190, 229.0, 0.0, 70.0, 65.0
191, -144.0, -4.0, 74.0, 83.0
192, 19.0, 1.0, 91.0, 83.0
193, 3.0, 19.0, 79.0, 74.0
194, 117.0, -3.0, 77.0, 61.0
195, 192.0, 0.0, 55.0, 70.0
196, 52.0, 30.0, 76.0, 76.0
197, 88.0, 2.0, 84.0, 78.0
198, 40.0, 0.0, 55.0, 87.0
199, 82.0, 0.0, 61.0, 69.0
200, -67.0, 1.0, 65.0, 56.0
201, -15.0, 3.0, 71.0, 66.0
202, 171.0, -2.0, 69.0, 58.0
203, 185.0, -18.0, 71.0, 65.0
204, -76.0, -13.0, 69.0, 54.0
205, -118.0, 4.0, 80.0, 70.0
206, -120.0, -4.0, 62.0, 73.0
207, 63.0, -7.0, 59.0, 90.0
208, -20.0, 5.0, 67.0, 47.0
209, 167.0, 36.0, 71.0, 71.0
210, -92.0, 7.0, 69.0, 72.0
211, -219.0, 18.0, 77.0, 81.0
212, -45.0, 0.0, 73.0, 67.0
213, -12.0, 2.0, 71.0, 75.0
214, 63.0, -4.0, 68.0, 82.0
215, -3.0, 4.0, 77.0, 85.0
216, 119.0, -8.0, 55.0, 62.0
217, 52.0, 8.0, 78.0, 67.0
218, -217.0, 21.0, 60.0, 71.0
219, 45.0, 17.0, 67.0, 86.0
220, -319.0, 0.0, 63.0, 62.0
221, -150.0, 10.0, 68.0, 62.0
222, -22.0, 1.0, 60.0, 68.0
223, -179.0, 14.0, 54.0, 75.0
224, 117.0, -1.0, 74.0, 72.0
225, 83.0, -3.0, 75.0, 79.0
226, 78.0, 6.0, 64.0, 55.0
227, -10.0, 6.0, 54.0, 65.0
228, -1.0, 6.0, 81.0, 64.0
229, 45.0, -14.0, 79.0, 74.0
230, 19.0, 5.0, 76.0, 81.0
231, -4.0, 24.0, 57.0, 75.0
232, -166.0, 17.0, 49.0, 68.0
233, 6.0, -13.0, 68.0, 85.0
234, -240.0, -17.0, 72.0, 71.0
235, -87.0, 0.0, 65.0, 78.0
236, 151.0, -2.0, 65.0, 63.0
237, -67.0, -18.0, 64.0, 79.0
238, 4.0, -12.0, 69.0, 82.0
239, 173.0, 4.0, 58.0, 83.0
240, -136.0, -1.0, 74.0, 72.0
241, 4.0, 0.0, 68.0, 81.0
242, -38.0, 1.0, 54.0, 65.0
243, -61.0, 0.0, 56.0, 54.0
244, 105.0, 6.0, 63.0, 66.0
245, 181.0, 1.0, 71.0, 50.0
246, 25.0, 9.0, 90.0, 60.0
247, 22.0, 0.0, 91.0, 76.0
248, 140.0, 28.0, 76.0, 77.0
249, 17.0, 17.0, 81.0, 90.0
250, 110.0, 15.0, 81.0, 79.0
251, 161.0, 14.0, 69.0, 75.0
252, 156.0, 2.0, 77.0, 74.0
253, -267.0, 2.0, 85.0, 78.0
254, 236.0, 8.0, 80.0, 69.0
255, 72.0, 0.0, 61.0, 80.0
256, 82.0, -21.0, 43.0, 88.0
257, -49.0, 11.0, 58.0, 50.0
258, 51.0, 0.0, 73.0, 58.0
259, 164.0, -1.0, 79.0, 69.0
260, -189.0, 9.0, 79.0, 82.0
261, -76.0, 11.0, 59.0, 72.0
262, 140.0, 6.0, 46.0, 49.0
263, 70.0, -9.0, 70.0, 60.0
264, -75.0, 1.0, 63.0, 75.0
265, -99.0, 7.0, 72.0, 89.0
266, 81.0, 3.0, 63.0, 78.0
267, -68.0, -3.0, 74.0, 74.0
268, -19.0, -2.0, 56.0, 76.0
269, -118.0, -8.0, 70.0, 72.0
270, -153.0, -1.0, 61.0, 54.0
271, -120.0, 14.0, 77.0, 76.0
272, 148.0, -12.0, 80.0, 72.0
273, 71.0, 5.0, 59.0, 69.0
274, 68.0, -6.0, 75.0, 62.0
275, 81.0, -8.0, 89.0, 68.0
276, -28.0, 2.0, 67.0, 54.0
277, 48.0, 16.0, 71.0, 73.0
278, -47.0, -6.0, 89.0, 81.0
279, -55.0, -10.0, 67.0, 75.0
280, -127.0, 17.0, 57.0, 86.0
281, 0.0, 4.0, 94.0, 73.0
282, 122.0, 28.0, 83.0, 77.0
283, 97.0, -3.0, 70.0, 78.0
284, -38.0, -4.0, 89.0, 76.0
285, 54.0, 9.0, 76.0, 76.0
286, 6.0, 3.0, 52.0, 76.0
287, 133.0, 4.0, 66.0, 73.0
288, 78.0, -1.0, 78.0, 61.0
289, 58.0, 1.0, 76.0, 62.0
290, -97.0, 4.0, 83.0, 77.0
291, -134.0, 13.0, 62.0, 64.0
292, 39.0, 7.0, 51.0, 93.0
293, -53.0, 9.0, 61.0, 64.0
294, 24.0, 28.0, 74.0, 68.0
295, -21.0, 19.0, 60.0, 65.0
296, 116.0, 5.0, 61.0, 84.0
297, 128.0, 7.0, 85.0, 73.0
298, 171.0, 1.0, 71.0, 69.0
299, -19.0, -6.0, 72.0, 64.0
300, -131.0, -4.0, 82.0, 85.0
301, 182.0, -5.0, 72.0, 63.0
302, -144.0, 1.0, 75.0, 52.0
303, -108.0, 13.0, 80.0, 82.0
304, -60.0, 9.0, 64.0, 75.0
305, -11.0, 10.0, 72.0, 94.0
306, -105.0, 2.0, 69.0, 66.0
307, -230.0, 13.0, 62.0, 62.0
308, 32.0, -2.0, 59.0, 57.0
309, -18.0, 9.0, 61.0, 80.0
310, -23.0, -4.0, 68.0, 68.0
311, -18.0, 10.0, 76.0, 55.0
312, -152.0, -3.0, 55.0, 55.0
313, -70.0, 36.0, 72.0, 81.0
314, 51.0, -6.0, 72.0, 69.0
315, -129.0, -2.0, 76.0, 92.0
316, -100.0, 8.0, 76.0, 54.0
317, 17.0, 14.0, 71.0, 60.0
318, -107.0, 6.0, 79.0, 75.0
319, 43.0, 9.0, 49.0, 84.0
320, 20.0, 15.0, 69.0, 60.0
321, 137.0, 9.0, 61.0, 75.0
322, -53.0, 0.0, 76.0, 50.0
323, 164.0, 15.0, 76.0, 70.0
324, -61.0, 14.0, 73.0, 69.0
325, -39.0, -22.0, 46.0, 72.0
326, -115.0, 1.0, 95.0, 73.0
327, -24.0, 0.0, 73.0, 77.0
328, -35.0, -16.0, 72.0, 76.0
329, 68.0, 12.0, 87.0, 87.0
330, 134.0, -9.0, 100.0, 59.0
331, 30.0, -2.0, 85.0, 69.0
332, -56.0, 0.0, 70.0, 61.0
333, 191.0, 7.0, 68.0, 42.0
334, 162.0, 22.0, 63.0, 65.0
335, 63.0, 3.0, 65.0, 74.0
336, 89.0, 20.0, 81.0, 64.0
337, 23.0, -2.0, 58.0, 77.0
338, -45.0, -8.0, 71.0, 62.0
339, -18.0, 18.0, 39.0, 65.0
340, -84.0, 4.0, 76.0, 74.0
341, -66.0, -20.0, 72.0, 70.0
342, 22.0, -7.0, 63.0, 82.0
343, 284.0, -9.0, 77.0, 61.0
344, 191.0, 0.0, 71.0, 61.0
345, -36.0, -13.0, 57.0, 67.0
346, 219.0, -25.0, 69.0, 74.0
347, 157.0, 1.0, 52.0, 71.0
348, 3.0, -3.0, 73.0, 52.0
349, 125.0, 6.0, 69.0, 72.0
350, 138.0, -8.0, 66.0, 72.0
351, -98.0, 10.0, 57.0, 83.0
352, -69.0, -15.0, 58.0, 72.0
353, -49.0, -12.0, 73.0, 85.0
354, -146.0, 10.0, 70.0, 79.0
355, 200.0, 31.0, 64.0, 86.0
356, -63.0, -13.0, 76.0, 82.0
357, 28.0, 16.0, 101.0, 79.0
358, -41.0, 9.0, 73.0, 62.0
359, -73.0, 17.0, 70.0, 86.0
360, 102.0, -8.0, 54.0, 66.0
361, 136.0, -2.0, 59.0, 82.0
362, 76.0, -14.0, 55.0, 74.0
363, 12.0, 25.0, 65.0, 65.0
364, 90.0, 4.0, 72.0, 69.0
365, 157.0, 22.0, 67.0, 68.0
366, 57.0, 9.0, 75.0, 68.0
367, -51.0, -25.0, 60.0, 68.0
368, 105.0, 15.0, 65.0, 79.0
369, -173.0, 5.0, 56.0, 83.0
370, 78.0, 0.0, 75.0, 64.0
371, 103.0, -10.0, 56.0, 39.0
372, -49.0, -5.0, 46.0, 80.0
373, 56.0, 12.0, 65.0, 62.0
374, -46.0, 12.0, 40.0, 54.0
375, -38.0, -7.0, 105.0, 86.0
376, -45.0, 4.0, 69.0, 69.0
377, 10.0, -7.0, 62.0, 72.0
378, -187.0, 5.0, 49.0, 76.0
379, 27.0, 7.0, 75.0, 70.0
380, -113.0, -5.0, 60.0, 70.0
381, 20.0, 22.0, 63.0, 84.0
382, -1.0, 8.0, 78.0, 78.0
383, 104.0, 23.0, 62.0, 65.0
384, -15.0, 11.0, 91.0, 72.0
385, -35.0, 17.0, 81.0, 65.0
386, -282.0, 15.0, 51.0, 77.0
387, 24.0, -8.0, 84.0, 80.0
388, 31.0, -2.0, 77.0, 69.0
389, 0.0, -1.0, 69.0, 49.0
390, -124.0, -10.0, 62.0, 52.0
391, -2.0, -27.0, 64.0, 51.0
392, 162.0, -13.0, 77.0, 54.0
393, -50.0, -2.0, 61.0, 87.0
394, -104.0, -7.0, 76.0, 79.0
395, -54.0, 4.0, 81.0, 75.0
396, 31.0, -8.0, 62.0, 71.0
397, -29.0, 2.0, 75.0, 88.0
398, 114.0, -13.0, 51.0, 61.0
399, 155.0, -10.0, 75.0, 71.0
400, -110.0, 11.0, 59.0, 70.0
401, -7.0, -1.0, 57.0, 63.0
402, 35.0, 15.0, 65.0, 92.0
403, -4.0, -4.0, 63.0, 66.0
404, 77.0, -19.0, 73.0, 70.0
405, -24.0, 1.0, 86.0, 68.0
406, 0.0, -1.0, 66.0, 74.0
407, 62.0, 3.0, 80.0, 67.0
408, -80.0, 5.0, 61.0, 70.0
409, 155.0, 1.0, 87.0, 70.0
410, 82.0, -6.0, 55.0, 72.0
411, 31.0, 9.0, 70.0, 81.0
412, -129.0, 10.0, 66.0, 65.0
413, 170.0, 4.0, 60.0, 67.0
414, 82.0, 2.0, 58.0, 82.0
415, -102.0, -5.0, 66.0, 76.0
416, 101.0, 7.0, 69.0, 74.0
417, 23.0, 24.0, 67.0, 85.0
418, -35.0, -6.0, 54.0, 74.0
419, 131.0, 22.0, 46.0, 82.0
420, -130.0, 6.0, 57.0, 61.0
421, -20.0, 5.0, 92.0, 76.0
422, 59.0, -17.0, 79.0, 78.0
423, 106.0, 5.0, 66.0, 65.0
424, -59.0, 22.0, 67.0, 56.0
425, 1.0, 15.0, 76.0, 56.0
426, 46.0, 19.0, 79.0, 73.0
427, -135.0, 6.0, 77.0, 84.0
428, 171.0, 3.0, 72.0, 72.0
429, 63.0, 16.0, 63.0, 75.0
430, -67.0, -6.0, 65.0, 67.0
431, -77.0, 0.0, 56.0, 80.0
432, -87.0, 8.0, 68.0, 70.0
433, -49.0, 14.0, 84.0, 39.0
434, -109.0, -10.0, 73.0, 104.0
435, -21.0, 14.0, 48.0, 51.0
436, -9.0, 4.0, 68.0, 83.0
437, -12.0, -5.0, 60.0, 64.0
438, 7.0, -8.0, 60.0, 79.0
439, 54.0, 1.0, 75.0, 78.0
440, -36.0, -14.0, 66.0, 88.0
441, -97.0, 25.0, 55.0, 73.0
442, -83.0, 0.0, 71.0, 86.0
443, 70.0, 8.0, 62.0, 68.0
444, -63.0, -5.0, 58.0, 63.0
445, 9.0, -9.0, 79.0, 58.0
446, 31.0, -14.0, 70.0, 90.0
447, 98.0, -9.0, 74.0, 47.0
448, -68.0, -3.0, 98.0, 80.0
449, -69.0, 12.0, 54.0, 74.0
450, -203.0, 3.0, 80.0, 74.0
451, -195.0, -3.0, 72.0, 72.0
452, 29.0, 5.0, 93.0, 82.0
453, 7.0, 4.0, 41.0, 55.0
454, 98.0, 22.0, 58.0, 66.0
455, -24.0, 2.0, 70.0, 64.0
456, -122.0, 14.0, 56.0, 70.0
457, -96.0, -7.0, 72.0, 69.0
458, 148.0, 11.0, 75.0, 53.0
459, 0.0, 4.0, 75.0, 72.0
460, 144.0, 13.0, 67.0, 82.0
461, -102.0, -5.0, 93.0, 63.0
462, -159.0, 0.0, 57.0, 78.0
463, -84.0, -3.0, 59.0, 84.0
464, 140.0, -3.0, 64.0, 63.0
465, 169.0, 21.0, 71.0, 70.0
466, 160.0, 14.0, 72.0, 76.0
467, 170.0, 10.0, 63.0, 66.0
468, 81.0, 5.0, 70.0, 69.0
469, -152.0, 18.0, 67.0, 96.0
470, 59.0, 21.0, 83.0, 76.0
471, 51.0, -13.0, 66.0, 94.0
472, -251.0, 1.0, 64.0, 65.0
473, -150.0, 27.0, 70.0, 81.0
474, -76.0, -1.0, 57.0, 67.0
475, 13.0, 25.0, 45.0, 63.0
476, -1.0, 2.0, 51.0, 67.0
477, -70.0, 10.0, 47.0, 76.0
478, 30.0, 2.0, 78.0, 99.0
479, 62.0, 1.0, 83.0, 64.0
480, -74.0, 17.0, 83.0, 99.0
481, -33.0, 5.0, 68.0, 72.0
482, -101.0, 0.0, 81.0, 56.0
483, -202.0, 9.0, 68.0, 80.0
484, 121.0, -1.0, 65.0, 90.0
485, 3.0, 3.0, 66.0, 51.0
486, -23.0, 16.0, 55.0, 62.0
487, 85.0, -3.0, 76.0, 79.0
488, -116.0, 1.0, 86.0, 71.0
489, -30.0, 24.0, 93.0, 82.0
490, 224.0, -1.0, 58.0, 66.0
491, -46.0, 7.0, 68.0, 80.0
492, 65.0, -12.0, 64.0, 63.0
493, 112.0, 12.0, 57.0, 61.0
494, 87.0, -9.0, 67.0, 64.0
495, 84.0, -4.0, 96.0, 69.0
496, -195.0, -18.0, 57.0, 68.0
497, 167.0, 5.0, 64.0, 76.0
498, -120.0, 14.0, 89.0, 69.0
499, 126.0, 6.0, 55.0, 72.0
500, -40.0, 5.0, 78.0, 62.0
501, -129.0, 0.0, 80.0, 44.0
502, 43.0, 2.0, 77.0, 75.0
503, 234.0, 5.0, 79.0, 86.0
504, 4.0, 1.0, 66.0, 47.0
505, -33.0, 19.0, 78.0, 65.0
506, -95.0, -16.0, 70.0, 65.0
507, 58.0, 11.0, 73.0, 76.0
508, -117.0, 27.0, 73.0, 62.0
509, 21.0, -7.0, 60.0, 61.0
510, -103.0, -17.0, 71.0, 68.0
511, 21.0, 20.0, 56.0, 74.0
512, 60.0, 6.0, 66.0, 56.0
513, -23.0, 10.0, 74.0, 60.0
514, -88.0, 11.0, 73.0, 74.0
515, 185.0, 6.0, 61.0, 68.0
516, 0.0, -7.0, 63.0, 73.0
517, -33.0, -10.0, 86.0, 43.0
518, 44.0, -3.0, 67.0, 65.0
519, 73.0, -1.0, 50.0, 89.0
520, -54.0, 12.0, 51.0, 67.0
521, -10.0, 5.0, 68.0, 44.0
522, -39.0, 19.0, 82.0, 72.0
523, 4.0, -11.0, 52.0, 58.0
524, 54.0, -10.0, 60.0, 63.0
525, 67.0, 14.0, 67.0, 78.0
526, 24.0, 3.0, 60.0, 65.0
527, 85.0, -1.0, 64.0, 74.0
528, 66.0, 23.0, 51.0, 61.0
529, 0.0, 10.0, 73.0, 72.0
530, 36.0, -14.0, 70.0, 78.0
531, -73.0, -1.0, 68.0, 64.0
532, 92.0, 1.0, 56.0, 70.0
533, 55.0, 22.0, 72.0, 96.0
534, -199.0, -13.0, 63.0, 81.0
535, -114.0, 16.0, 72.0, 72.0
536, 91.0, 6.0, 56.0, 78.0
537, 124.0, 9.0, 60.0, 57.0
538, -139.0, 0.0, 62.0, 95.0
539, 84.0, 4.0, 63.0, 59.0
540, 9.0, -1.0, 57.0, 62.0
541, 55.0, 5.0, 79.0, 84.0
542, 1.0, 29.0, 56.0, 73.0
543, 9.0, 11.0, 67.0, 57.0
544, 51.0, -7.0, 44.0, 84.0
545, -138.0, 1.0, 61.0, 66.0
546, 87.0, 7.0, 48.0, 55.0
547, 116.0, 5.0, 53.0, 78.0
548, 79.0, 8.0, 64.0, 78.0
549, 235.0, 0.0, 82.0, 78.0
550, -13.0, 11.0, 76.0, 64.0
551, -98.0, -17.0, 86.0, 81.0
552, 42.0, 9.0, 69.0, 85.0
553, 89.0, 8.0, 53.0, 84.0
554, 175.0, -9.0, 59.0, 70.0
555, -85.0, 6.0, 73.0, 63.0
556, 31.0, 3.0, 49.0, 52.0
557, -218.0, -13.0, 77.0, 89.0
558, -28.0, 16.0, 61.0, 76.0
559, -135.0, 11.0, 39.0, 76.0
560, 34.0, 2.0, 60.0, 85.0
561, -94.0, -4.0, 64.0, 79.0
562, 304.0, 4.0, 78.0, 70.0
563, 241.0, 16.0, 74.0, 78.0
564, -88.0, 6.0, 75.0, 72.0
565, 66.0, 19.0, 63.0, 64.0
566, -78.0, 15.0, 51.0, 70.0
567, 76.0, 0.0, 75.0, 59.0
568, -108.0, 10.0, 69.0, 63.0
569, -43.0, -6.0, 84.0, 83.0
570, -59.0, 8.0, 76.0, 85.0
571, 96.0, 3.0, 64.0, 50.0
572, -17.0, 21.0, 80.0, 71.0
573, -26.0, 1.0, 81.0, 59.0
574, -65.0, -1.0, 73.0, 71.0
575, -27.0, 8.0, 74.0, 71.0
576, 14.0, 9.0, 65.0, 69.0
577, -63.0, 1.0, 61.0, 67.0
578, 62.0, -3.0, 62.0, 49.0
579, 150.0, 1.0, 83.0, 72.0
580, 287.0, 0.0, 70.0, 70.0
581, -92.0, -2.0, 83.0, 60.0
582, 59.0, 13.0, 77.0, 76.0
583, 47.0, 21.0, 56.0, 72.0
584, 100.0, 11.0, 64.0, 69.0
585, 103.0, 1.0, 75.0, 61.0
586, -27.0, 8.0, 57.0, 64.0
587, 75.0, -12.0, 38.0, 84.0
588, 25.0, -7.0, 63.0, 68.0
589, -15.0, -13.0, 66.0, 76.0
590, -131.0, 18.0, 66.0, 55.0
591, 79.0, -17.0, 53.0, 71.0
592, 232.0, 14.0, 72.0, 76.0
593, -19.0, 7.0, 54.0, 72.0
594, -116.0, 18.0, 54.0, 85.0
595, -55.0, 9.0, 72.0, 53.0
596, -142.0, -11.0, 65.0, 63.0
597, 110.0, 0.0, 66.0, 70.0
598, -102.0, -5.0, 81.0, 74.0
599, 52.0, 3.0, 68.0, 59.0
600, 48.0, -6.0, 73.0, 91.0
601, 152.0, -5.0, 55.0, 68.0
602, 172.0, -5.0, 75.0, 61.0
603, -86.0, 7.0, 60.0, 71.0
604, 13.0, 5.0, 65.0, 62.0
605, 113.0, -1.0, 55.0, 73.0
606, -93.0, -1.0, 54.0, 54.0
607, -204.0, -8.0, 57.0, 76.0
608, 25.0, -9.0, 44.0, 89.0
609, -27.0, -6.0, 71.0, 92.0
610, -205.0, 7.0, 59.0, 70.0
611, 63.0, 7.0, 84.0, 73.0
612, 70.0, -3.0, 69.0, 85.0
613, 30.0, 13.0, 75.0, 65.0
614, 65.0, -26.0, 59.0, 61.0
615, -17.0, 1.0, 36.0, 62.0
616, -97.0, 1.0, 73.0, 64.0
617, -25.0, 8.0, 82.0, 75.0
618, 294.0, 3.0, 70.0, 79.0
619, -175.0, 1.0, 55.0, 72.0
620, 68.0, 6.0, 58.0, 62.0
621, -99.0, -3.0, 70.0, 73.0
622, 236.0, 13.0, 36.0, 63.0
623, -19.0, -4.0, 68.0, 77.0
624, 19.0, 11.0, 67.0, 86.0
625, -109.0, -18.0, 85.0, 77.0
626, -71.0, 2.0, 66.0, 60.0
627, 55.0, -7.0, 64.0, 46.0
628, 93.0, -2.0, 78.0, 68.0
629, -203.0, 0.0, 59.0, 92.0
630, 78.0, 5.0, 59.0, 87.0
631, 97.0, 3.0, 69.0, 78.0
632, 227.0, -13.0, 71.0, 79.0
633, 12.0, -23.0, 70.0, 75.0
634, -175.0, 8.0, 62.0, 73.0
635, -63.0, 1.0, 69.0, 86.0
636, -57.0, 7.0, 72.0, 79.0
637, 62.0, 9.0, 71.0, 68.0
638, 102.0, 2.0, 61.0, 60.0
639, 79.0, -5.0, 71.0, 72.0
640, 134.0, -17.0, 65.0, 69.0
641, -181.0, -5.0, 66.0, 54.0
642, -65.0, -4.0, 41.0, 51.0
643, 38.0, 8.0, 89.0, 80.0
644, -149.0, -2.0, 71.0, 78.0
645, 83.0, 18.0, 78.0, 63.0
646, 20.0, 23.0, 72.0, 70.0
647, 137.0, -1.0, 86.0, 67.0
648, 61.0, 3.0, 79.0, 54.0
649, 16.0, 12.0, 78.0, 87.0
650, 58.0, 0.0, 87.0, 59.0
651, 64.0, -2.0, 47.0, 68.0
652, 79.0, 13.0, 75.0, 86.0
653, -171.0, 10.0, 79.0, 50.0
654, -54.0, -23.0, 66.0, 75.0
655, -105.0, 2.0, 58.0, 73.0
656, 83.0, 5.0, 69.0, 45.0
657, -6.0, 7.0, 72.0, 87.0
658, 167.0, 6.0, 60.0, 73.0
659, 62.0, 4.0, 63.0, 48.0
660, 220.0, -12.0, 69.0, 58.0
661, -122.0, -4.0, 67.0, 67.0
662, -256.0, 35.0, 66.0, 99.0
663, -139.0, 6.0, 75.0, 69.0
664, 148.0, -11.0, 76.0, 55.0
665, -133.0, 12.0, 57.0, 80.0
666, -25.0, 24.0, 73.0, 73.0
667, -115.0, -2.0, 58.0, 90.0
668, 86.0, -1.0, 56.0, 69.0
669, -14.0, 5.0, 75.0, 66.0
670, -53.0, 5.0, 80.0, 75.0
671, -189.0, -5.0, 61.0, 79.0
672, -37.0, 10.0, 74.0, 68.0
673, -102.0, 1.0, 58.0, 76.0
674, 83.0, 6.0, 81.0, 60.0
675, -87.0, 13.0, 78.0, 74.0
676, -102.0, -6.0, 47.0, 79.0
677, -55.0, 3.0, 67.0, 58.0
678, -116.0, 7.0, 52.0, 69.0
679, 72.0, 5.0, 76.0, 58.0
680, 68.0, 13.0, 55.0, 87.0
681, -134.0, 23.0, 69.0, 70.0
682, -4.0, 6.0, 76.0, 73.0
683, 81.0, -12.0, 72.0, 79.0
684, -16.0, -2.0, 56.0, 69.0
685, 62.0, -11.0, 85.0, 65.0
686, -1.0, 9.0, 71.0, 59.0
687, -175.0, 22.0, 85.0, 61.0
688, -75.0, 0.0, 90.0, 72.0
689, 111.0, 10.0, 81.0, 86.0
690, -70.0, -5.0, 78.0, 96.0
691, -141.0, -5.0, 71.0, 88.0
692, 94.0, -4.0, 65.0, 78.0
693, 19.0, 10.0, 75.0, 50.0
694, -29.0, -8.0, 62.0, 71.0
695, 55.0, 9.0, 61.0, 53.0
696, -203.0, -6.0, 82.0, 55.0
697, 156.0, 1.0, 80.0, 72.0
698, -98.0, 22.0, 75.0, 73.0
699, 44.0, 0.0, 68.0, 87.0
700, 84.0, 0.0, 69.0, 84.0
701, -20.0, -7.0, 68.0, 72.0
702, 29.0, -5.0, 74.0, 71.0
703, -173.0, 4.0, 64.0, 82.0
704, -6.0, -13.0, 54.0, 79.0
705, 44.0, 19.0, 66.0, 69.0
706, -112.0, 7.0, 68.0, 79.0
707, -102.0, -9.0, 72.0, 78.0
708, -71.0, 12.0, 90.0, 68.0
709, 53.0, 8.0, 66.0, 95.0
710, -111.0, -17.0, 60.0, 69.0
711, 20.0, -6.0, 90.0, 40.0
712, -192.0, -25.0, 67.0, 72.0
713, -49.0, 4.0, 67.0, 77.0
714, 107.0, -14.0, 59.0, 72.0
715, 23.0, 0.0, 77.0, 84.0
716, -7.0, 9.0, 48.0, 74.0
717, -85.0, 2.0, 70.0, 82.0
718, 45.0, 6.0, 67.0, 63.0
719, -54.0, 28.0, 70.0, 85.0
720, 7.0, 16.0, 49.0, 66.0
721, 18.0, 15.0, 61.0, 79.0
722, -87.0, 3.0, 63.0, 67.0
723, -51.0, 4.0, 77.0, 89.0
724, 106.0, -1.0, 66.0, 90.0
725, 39.0, 5.0, 64.0, 44.0
726, 44.0, 4.0, 85.0, 53.0
727, -113.0, -8.0, 64.0, 96.0
728, 164.0, -7.0, 73.0, 66.0
729, -31.0, 4.0, 72.0, 66.0
730, -54.0, 2.0, 72.0, 81.0
731, 185.0, 7.0, 57.0, 73.0
732, -213.0, 10.0, 74.0, 79.0
733, 189.0, 11.0, 78.0, 62.0
734, -92.0, 0.0, 75.0, 59.0
735, -131.0, 0.0, 77.0, 88.0
736, -29.0, 0.0, 58.0, 62.0
737, 24.0, 23.0, 73.0, 77.0
738, 9.0, 11.0, 70.0, 78.0
739, -13.0, -3.0, 76.0, 63.0
740, -135.0, 1.0, 56.0, 66.0
741, -111.0, 8.0, 69.0, 75.0
742, 113.0, 7.0, 74.0, 76.0
743, 233.0, 15.0, 76.0, 59.0
744, 100.0, 13.0, 67.0, 71.0
745, -129.0, 20.0, 64.0, 73.0
746, -18.0, 7.0, 58.0, 73.0
747, -33.0, 8.0, 46.0, 62.0
748, -52.0, 10.0, 56.0, 80.0
749, -8.0, 9.0, 66.0, 60.0
750, 118.0, 2.0, 81.0, 73.0
751, -197.0, -16.0, 79.0, 71.0
752, -27.0, -3.0, 68.0, 77.0
753, 7.0, 3.0, 66.0, 66.0
754, 8.0, -21.0, 70.0, 70.0
755, 80.0, -4.0, 52.0, 81.0
756, 89.0, -16.0, 86.0, 64.0
757, -20.0, 3.0, 78.0, 65.0
758, 92.0, 5.0, 57.0, 60.0
759, 24.0, 0.0, 63.0, 70.0
760, 187.0, 9.0, 61.0, 102.0
761, 42.0, 0.0, 87.0, 65.0
762, -21.0, 4.0, 69.0, 53.0
763, 50.0, -9.0, 78.0, 91.0
764, 36.0, 6.0, 80.0, 71.0
765, -25.0, 11.0, 82.0, 77.0
766, -119.0, 9.0, 61.0, 76.0
767, 36.0, -1.0, 56.0, 71.0
768, 63.0, 0.0, 62.0, 75.0
769, 19.0, -9.0, 74.0, 88.0
770, 3.0, -1.0, 57.0, 65.0
771, -77.0, 4.0, 83.0, 85.0
772, -23.0, 10.0, 69.0, 64.0
773, -57.0, 28.0, 81.0, 77.0
774, -135.0, 0.0, 64.0, 61.0
775, -12.0, -5.0, 56.0, 61.0
776, -19.0, 24.0, 60.0, 56.0
777, -23.0, 3.0, 65.0, 56.0
778, 157.0, 26.0, 73.0, 67.0
779, 153.0, -4.0, 63.0, 79.0
780, 0.0, 12.0, 79.0, 51.0
781, 38.0, 0.0, 57.0, 52.0
782, 51.0, -10.0, 78.0, 67.0
783, -66.0, -7.0, 77.0, 58.0
784, 151.0, 5.0, 77.0, 77.0
785, 107.0, 1.0, 62.0, 67.0
786, 138.0, 1.0, 76.0, 58.0
787, -175.0, 5.0, 61.0, 60.0
788, 112.0, 3.0, 59.0, 67.0
789, 1.0, -2.0, 89.0, 71.0
790, 96.0, 0.0, 49.0, 47.0
791, -9.0, 30.0, 59.0, 82.0
792, -14.0, -7.0, 83.0, 78.0
793, 88.0, -20.0, 73.0, 71.0
794, 43.0, 20.0, 67.0, 92.0
795, 53.0, -9.0, 53.0, 81.0
796, -16.0, 5.0, 54.0, 58.0
797, -67.0, 3.0, 52.0, 64.0
798, -141.0, -1.0, 55.0, 63.0
799, -33.0, -18.0, 75.0, 84.0
800, -5.0, 30.0, 56.0, 81.0
801, 48.0, 13.0, 66.0, 71.0
802, 100.0, -21.0, 64.0, 72.0
803, -4.0, 34.0, 59.0, 69.0
804, 261.0, 5.0, 61.0, 83.0
805, 49.0, -1.0, 74.0, 78.0
806, -166.0, 18.0, 67.0, 74.0
807, -83.0, 19.0, 59.0, 66.0
808, -195.0, 2.0, 64.0, 66.0
809, 408.0, 6.0, 69.0, 80.0
810, 80.0, 11.0, 54.0, 58.0
811, 150.0, 3.0, 62.0, 73.0
812, -164.0, -3.0, 49.0, 95.0
813, -21.0, 1.0, 78.0, 69.0
814, 76.0, 24.0, 76.0, 70.0
815, -152.0, 4.0, 63.0, 102.0
816, -239.0, 14.0, 66.0, 76.0
817, -68.0, 13.0, 63.0, 65.0
818, -13.0, 1.0, 61.0, 67.0
819, -20.0, 10.0, 73.0, 70.0
820, 98.0, 0.0, 61.0, 82.0
821, 18.0, 17.0, 78.0, 94.0
822, 11.0, 1.0, 58.0, 46.0
823, -85.0, -13.0, 70.0, 63.0
824, -73.0, 26.0, 85.0, 58.0
825, -63.0, 5.0, 59.0, 63.0
826, -6.0, 26.0, 83.0, 71.0
827, -137.0, 13.0, 79.0, 72.0
828, 161.0, 5.0, 55.0, 70.0
829, -1.0, -9.0, 65.0, 71.0
830, 121.0, 4.0, 66.0, 83.0
831, -121.0, 18.0, 90.0, 89.0
832, -161.0, 13.0, 71.0, 62.0
833, 58.0, 10.0, 63.0, 92.0
834, 51.0, 2.0, 61.0, 75.0
835, -27.0, -1.0, 35.0, 73.0
836, 122.0, 7.0, 75.0, 83.0
837, -26.0, 0.0, 74.0, 62.0
838, 158.0, -13.0, 71.0, 76.0
839, 268.0, 8.0, 76.0, 72.0
840, -57.0, 0.0, 62.0, 43.0
841, -4.0, 13.0, 89.0, 63.0
842, -111.0, 23.0, 38.0, 85.0
843, 57.0, 0.0, 48.0, 77.0
844, 117.0, -8.0, 57.0, 63.0
845, 31.0, 5.0, 61.0, 67.0
846, -31.0, 9.0, 68.0, 67.0
847, 5.0, 8.0, 73.0, 45.0
848, 176.0, 7.0, 83.0, 80.0
849, 208.0, 5.0, 62.0, 72.0
850, 79.0, 13.0, 67.0, 49.0
851, -49.0, 1.0, 70.0, 54.0
852, -127.0, 6.0, 67.0, 68.0
853, -55.0, -7.0, 53.0, 84.0
854, -135.0, 17.0, 62.0, 76.0
855, 23.0, 7.0, 54.0, 68.0
856, -152.0, 8.0, 62.0, 80.0
857, -37.0, -16.0, 47.0, 61.0
858, 64.0, 33.0, 55.0, 81.0
859, -104.0, 2.0, 60.0, 79.0
860, -208.0, -5.0, 72.0, 85.0
861, 92.0, 18.0, 53.0, 87.0
862, 44.0, 6.0, 62.0, 65.0
863, -218.0, 11.0, 57.0, 69.0
864, -94.0, 8.0, 72.0, 85.0
865, 3.0, 19.0, 71.0, 70.0
866, 167.0, -17.0, 77.0, 79.0
867, 11.0, 5.0, 79.0, 61.0
868, -224.0, -2.0, 67.0, 65.0
869, -184.0, 8.0, 59.0, 72.0
870, 145.0, 18.0, 70.0, 75.0
871, -137.0, 7.0, 65.0, 74.0
872, 39.0, -5.0, 64.0, 75.0
873, 48.0, 23.0, 54.0, 81.0
874, -67.0, 0.0, 69.0, 73.0
875, -69.0, 4.0, 66.0, 78.0
876, 14.0, -1.0, 62.0, 70.0
877, -138.0, -5.0, 67.0, 80.0
878, -206.0, 2.0, 59.0, 64.0
879, -94.0, -1.0, 86.0, 87.0
880, 47.0, 21.0, 61.0, 44.0
881, 3.0, 10.0, 79.0, 68.0
882, 126.0, 4.0, 88.0, 97.0
883, 107.0, 11.0, 76.0, 55.0
884, 64.0, -10.0, 95.0, 64.0
885, -320.0, 14.0, 69.0, 77.0
886, 127.0, 6.0, 74.0, 74.0
887, 148.0, -1.0, 73.0, 69.0
888, -110.0, 6.0, 73.0, 83.0
889, -153.0, 6.0, 86.0, 66.0
890, 77.0, -22.0, 78.0, 81.0
891, 27.0, 12.0, 64.0, 75.0
892, -38.0, 13.0, 58.0, 51.0
893, 127.0, 14.0, 63.0, 72.0
894, -39.0, 4.0, 68.0, 65.0
895, -179.0, -18.0, 72.0, 65.0
896, -64.0, 15.0, 61.0, 78.0
897, -71.0, 11.0, 78.0, 59.0
898, -117.0, 12.0, 54.0, 64.0
899, -148.0, -7.0, 69.0, 83.0
900, 160.0, 8.0, 66.0, 75.0
901, -12.0, 9.0, 75.0, 67.0
902, -103.0, 0.0, 74.0, 66.0
903, 169.0, 8.0, 78.0, 80.0
904, 59.0, -1.0, 85.0, 77.0
905, 79.0, -4.0, 70.0, 68.0
906, -94.0, 18.0, 64.0, 90.0
907, -103.0, 2.0, 73.0, 68.0
908, 74.0, -9.0, 56.0, 71.0
909, -138.0, 4.0, 64.0, 69.0
910, 89.0, 9.0, 63.0, 64.0
911, 51.0, -8.0, 64.0, 93.0
912, 66.0, 9.0, 81.0, 69.0
913, 43.0, 18.0, 70.0, 46.0
914, 14.0, 4.0, 64.0, 56.0
915, -69.0, 16.0, 75.0, 69.0
916, 78.0, 1.0, 55.0, 57.0
917, -192.0, -5.0, 72.0, 84.0
918, -24.0, -7.0, 72.0, 57.0
919, 133.0, 3.0, 68.0, 60.0
920, 134.0, 15.0, 76.0, 80.0
921, -108.0, 22.0, 58.0, 66.0
922, 17.0, 1.0, 53.0, 67.0
923, -68.0, -2.0, 81.0, 65.0
924, -70.0, -17.0, 49.0, 62.0
925, -48.0, -19.0, 68.0, 74.0
926, 63.0, -4.0, 69.0, 75.0
927, 90.0, 12.0, 64.0, 61.0
928, 30.0, 2.0, 84.0, 82.0
929, 183.0, 25.0, 40.0, 65.0
930, -52.0, 18.0, 66.0, 65.0
931, -73.0, 0.0, 78.0, 75.0
932, -157.0, -18.0, 73.0, 71.0
933, -137.0, -2.0, 94.0, 86.0
934, -44.0, -2.0, 76.0, 73.0
935, 167.0, -5.0, 69.0, 91.0
936, -145.0, -14.0, 61.0, 57.0
937, 70.0, 8.0, 64.0, 70.0
938, 113.0, 14.0, 83.0, 52.0
939, -108.0, 21.0, 72.0, 76.0
940, -282.0, 5.0, 82.0, 73.0
941, -69.0, -9.0, 60.0, 90.0
942, 73.0, 0.0, 68.0, 56.0
943, -54.0, 2.0, 67.0, 50.0
944, -86.0, -8.0, 77.0, 86.0
945, 183.0, -2.0, 69.0, 81.0
946, -96.0, 12.0, 66.0, 62.0
947, 30.0, 22.0, 69.0, 64.0
948, -86.0, 20.0, 59.0, 66.0
949, -259.0, 21.0, 63.0, 89.0
950, 114.0, 35.0, 53.0, 80.0
951, 17.0, 15.0, 62.0, 78.0
952, 196.0, -3.0, 90.0, 54.0
953, -44.0, -1.0, 74.0, 65.0
954, 68.0, 1.0, 55.0, 70.0
955, -63.0, 0.0, 53.0, 73.0
956, 161.0, 0.0, 67.0, 59.0
957, 5.0, -16.0, 49.0, 70.0
958, 64.0, 0.0, 59.0, 83.0
959, -49.0, -7.0, 57.0, 56.0
960, -148.0, -2.0, 46.0, 84.0
961, -207.0, -10.0, 87.0, 65.0
962, -83.0, -9.0, 64.0, 65.0
963, -167.0, 0.0, 53.0, 66.0
964, -89.0, 5.0, 90.0, 76.0
965, 91.0, 9.0, 71.0, 70.0
966, -135.0, -4.0, 44.0, 60.0
967, -59.0, 9.0, 72.0, 90.0
968, -173.0, -2.0, 82.0, 89.0
969, 158.0, 16.0, 64.0, 87.0
970, -94.0, 9.0, 53.0, 71.0
971, 10.0, 15.0, 71.0, 85.0
972, -112.0, -8.0, 64.0, 65.0
973, 244.0, 1.0, 66.0, 70.0
974, 3.0, -9.0, 56.0, 77.0
975, 63.0, 8.0, 62.0, 95.0
976, 106.0, -7.0, 81.0, 63.0
977, -115.0, -6.0, 53.0, 53.0
978, 160.0, -4.0, 80.0, 84.0
979, 91.0, 1.0, 50.0, 58.0
980, -229.0, 17.0, 77.0, 49.0
981, 62.0, 0.0, 62.0, 89.0
982, 22.0, -10.0, 71.0, 69.0
983, -240.0, 19.0, 76.0, 83.0
984, -123.0, 15.0, 68.0, 69.0
985, -59.0, 3.0, 62.0, 74.0
986, 17.0, 14.0, 56.0, 68.0
987, -203.0, 7.0, 86.0, 88.0
988, -75.0, 8.0, 79.0, 47.0
989, 182.0, -7.0, 59.0, 54.0
990, 34.0, 3.0, 77.0, 66.0
991, -32.0, 39.0, 68.0, 67.0
992, 211.0, -4.0, 69.0, 59.0
993, -87.0, 8.0, 67.0, 74.0
994, 212.0, -7.0, 73.0, 85.0
995, 7.0, 12.0, 55.0, 63.0
996, -71.0, 20.0, 68.0, 63.0
997, -143.0, -4.0, 68.0, 68.0
998, 8.0, 13.0, 75.0, 77.0
999, 86.0, 16.0, 69.0, 79.0
